'loss':[0.4888480305671692, 0.16862694919109344, 0.09878615289926529, 0.08329720050096512, 0.06968516856431961, 0.07049543410539627, 0.07555773854255676, 0.10335106402635574, 0.07976622879505157, 0.1225242167711258, 0.08381301164627075, 0.0992632657289505, 0.07428864389657974, 0.09365984797477722, 0.09482411295175552, 0.07538886368274689, 0.09670864045619965, 0.19672547280788422, 0.1138983964920044, 0.1606123298406601] 
'accuracy':[0.7885030508041382, 0.9430721402168274, 0.9712492227554321, 0.9785044193267822, 0.9830937385559082, 0.9861983060836792, 0.9853546619415283, 0.9837686419487, 0.9896065592765808, 0.9885604381561279, 0.9900789856910706, 0.9885030388832092, 0.9910913109779358, 0.9902476668357849, 0.9900451898574829, 0.9909225702285767, 0.9895727634429932, 0.9860970377922058, 0.9908550977706909, 0.9904838800430298]
'val_loss':[0.45320162177085876, 0.4015491008758545, 0.3387942612171173, 1.2592532634735107, 0.6905722618103027, 2.490001678466797, 0.8581687808036804, 1.4215257167816162, 1.7462846040725708, 1.8458983898162842, 1.5955451726913452, 1.2732877731323242, 3.816718578338623, 1.327070713043213, 1.8055751323699951, 2.268324136734009, 2.216191053390503, 1.8156031370162964, 1.7588727474212646, 2.0549111366271973] 
'val_accuracy':[0.9213836193084717, 0.9180817604064941, 0.9433962106704712, 0.928144633769989, 0.9435534477233887, 0.9124214053153992, 0.9378930926322937, 0.9179245233535767, 0.906289279460907, 0.9275157451629639, 0.9276729822158813, 0.9116352200508118, 0.8959119319915771, 0.9440251588821411, 0.9157232642173767, 0.9117924571037292, 0.9432389736175537, 0.8966981172561646, 0.9114779829978943, 0.924685537815094]